T[K]	1/T[1/K]	dEps1	f1	a1	b1	dEps2	f2	a2	b2	dEps3	f3	a3	b3	dEps4	f4	a4	b4	S[S/cm]	Log(S*T)	EpsInf																										
360	0,00278	446,8	1,84	0,1183	1	44,07	116,4	0,9588	1	1203	5,825E8	0,7442	1	0	1,862E6	0,03697	1	0	-бесконечность	66,4	--	--	--	--	--	--	--	--	--																	
350,40508	0,00286	475,382	0,1361	0,1308	1	53,6	66,92	0,9561	1	1274	5,278E8	0,7038	1	461,3	1,862E6	0,04236	1	0	-бесконечность	0	--	--	--	--	--	--	--	--	--																	
348,56969	0,00287	543,29372	0,3457	0,1893	1	53,37	62,88	0,9679	1	1328	5,415E8	0,705	1	480,9	1,862E6	0,06954	1	0	-бесконечность	0	--	--	--	--	--	--	--	--	--																	
346	0,00289	617,9	0,463	0,1257	1	53,92	57,84	0,9755	1	1378	2,564E8	1	1	88,05	9,164E6	0,5942	1	0	-бесконечность	88,29	--	--	--	--	--	--	--	--	--																	
343,9	0,00291	627,4	0,5097	0,1317	1	54,73	55,78	0,9905	1	1401	2,47E8	1	1	103,2	9,414E6	0,5713	1	0	-бесконечность	107,5	--	--	--	--	--	--	--	--	--																	
341,9	0,00292	653,3	0,4246	0,134	1	58,58	45,08	0,9765	1	1415	2,466E8	1	1	133,3	1,273E7	0,5355	1	0	-бесконечность	119,6	--	--	--	--	--	--	--	--	--																	
340,31842	0,00294	698,6	0,3124	0,1335	1	59,93	42,53	0,9831	1	1434	2,401E8	1	1	174,67005	1,38E7	0,5212	1	0	-бесконечность	134,7	--	--	--	--	--	--	--	--	--																	
338	0,00296	714	0,2574	0,14	1	62,88	37,87	0,9829	1	1441	2,423E8	1	1	222,9	2,627E7	0,4681	1	0	-бесконечность	128	--	--	--	--	--	--	--	--	--																	
335,9	0,00298	718,1	0,3113	0,1482	1	64,06	33,93	0,9858	1	1465	2,349E8	1	1	264,6	2,822E7	0,4469	1	0	-бесконечность	136,9	--	--	--	--	--	--	--	--	--																	
334	0,00299	776,4	0,1767	0,1473	1	67,63	30,63	0,9861	1	1474	2,32E8	1	1	330,2	4,095E7	0,4193	1	0	-бесконечность	129,9	--	--	--	--	--	--	--	--	--																	
331,67839	0,00301	814,94058	0,3663	0,1701	1	66,94	28,75	1	1	1528	2,427E8	1	1	357,66832	1,028E8	0,3714	1	0	-бесконечность	0	--	--	--	--	--	--	--	--	--																	
329,5414	0,00303	891,90719	0,2486	0,1699	1	71,22	23,88	0,9999	1	1493	2,312E8	1	1	404,27602	1,504E8	0,3513	1	0	-бесконечность	0	--	--	--	--	--	--	--	--	--																	
327,5518	0,00305	932,65422	0,05058	0,1446	1	76,54	21,27	0,9878	1	1516,69496	2,303E8	1	1	470,9	4,189E7	0,3869	1	0	-бесконечность	0	--	--	--	--	--	--	--	--	--																	
325,65431	0,00307	971,13752	0,06817	0,156	1	80,35	18,96	0,9752	1	1516,69496	2,225E8	1	1	582,5	5,442E7	0,36	1	0	-бесконечность	0	--	--	--	--	--	--	--	--	--																	
323,83051	0,00309	980,19242	0,07451	0,164	1	82,76	16,63	0,985	1	1496,32145	2,099E8	1	1	590,83192	5,177E7	0,3425	1	0	-бесконечность	0	--	--	--	--	--	--	--	--	--																	
321,23297	0,00311	962,9	0,117	0,1836	1	83,66	15,29	0,9944	1	1475,94793	1,906E8	1	1	649,68874	1,025E8	0,3026	1	0	-бесконечность	0	--	--	--	--	--	--	--	--	--																	
319,55654	0,00313	1030	0,09079	0,1876	1	85,7	13,5	1	1	1437,46463	1,747E8	1	1	697,22694	1,233E8	0,2838	1	0	-бесконечность	0	--	--	--	--	--	--	--	--	--																	
317,27218	0,00315	1047	0,09382	0,1995	1	88,4	12,36	0,9949	1	1379	1,455E8	1	1	785,51217	2,887E8	0,2538	1	0	-бесконечность	0	--	--	--	--	--	--	--	--	--																	
315,68787	0,00316	1148	0,08696	0,1998	1	91,15	11,48	0,9992	1	1331,06961	1,392E8	0,9886	1	873,7974	2,338E8	0,2491	1	0	-бесконечность	0	--	--	--	--	--	--	--	--	--																	
313,53247	0,00319	1240	0,06029	0,2052	1	94,07	10,51	1	1	1263,15789	9,694E7	0,9862	1	980,19242	6,986E8	0,2224	1	0	-бесконечность	0	--	--	--	--	--	--	--	--	--																	
311,72709	0,00321	1359	0,05879	0,2077	1	96,78	9,521	1	1	1263,15789	9,122E7	0,9587	1	1106,96095	4,821E8	0,2186	1	0	-бесконечность	0	--	--	--	--	--	--	--	--	--																	
310,45595	0,00323	1587	0,03125	0,2021	1	101,3	8,598	1	1	1281,26769	8,678E7	0,9091	1	1195,24618	3,161E8	0,2182	1	0	-бесконечность	0	--	--	--	--	--	--	--	--	--																	
309,18482	0,00324	1793	0,02129	0,1923	1	104,8	7,822	1	1	1351,44312	8,625E7	0,8854	1	1292,5863	2,648E8	0,2253	1	0	-бесконечность	0	--	--	--	--	--	--	--	--	--																	
308,07948	0,00325	2092	0,00935	0,1805	1	110,6	7,651	1	1	1509	1,059E8	0,8262	1	1419,35484	9,983E7	0,2366	1	0	-бесконечность	0	--	--	--	--	--	--	--	--	--																	
306,97415	0,00327	2522	0,00383	0,1627	1	114,3	7,229	0,9916	1	1573,28806	1,062E8	0,7964	1	1496,32145	7,993E7	0,2561	1	0	-бесконечность	0	--	--	--	--	--	--	--	--	--																	
306,08988	0,00327	4556	1E-5	0,1213	1	119,38963	5,837	0,9692	1	1615	1,123E8	0,7475	1	1576	5,085E7	0,2774	1	0	-бесконечность	0	--	--	--	--	--	--	--	--	--																	
304,98454	0,00328	4814,94058	1,565E-5	0,1209	1	122,6	6,047	0,9933	1	1601	1,149E8	0,7125	1	1612	3,636E7	0,2951	1	0	-бесконечность	0	--	--	--	--	--	--	--	--	--																	
303,9529	0,00329	5149,12281	2,417E-5	0,121	1	130	5,421	0,9877	1	1571	1,243E8	0,6918	1	1767,96831	2,316E7	0,3145	1	0	-бесконечность	0	--	--	--	--	--	--	--	--	--																	
302,9	0,0033	5657	1E-5	0,1176	1	128,9	5,172	0,9951	1	893,1	9,217E7	0,8314	1	2345	4,105E7	0,3295	1	0	-бесконечность	0	--	--	--	--	--	--	--	--	--																	
301,9	0,00331	5886	1,275E-5	0,1244	1	129,6	5,3	0,9926	1	696,9	8,494E7	0,944	1	2605	3,249E7	0,3255	1	0	-бесконечность	0	--	--	--	--	--	--	--	--	--																	
300,9	0,00332	6117	1,33E-5	0,1361	1	132,8	5,563	0,9934	1	699	8,991E7	0,9961	1	2671	1,967E7	0,3106	1	0	-бесконечность	0	--	--	--	--	--	--	--	--	--																	
300	0,00333	6336	1,263E-5	0,1524	1	134,8	5,182	0,9865	1	705,8	1,001E8	0,956	1	2737	1,11E7	0,2861	1	0	-бесконечность	0	--	--	--	--	--	--	--	--	--																	
298,69509	0,00334	6508,77193	3,376E-5	0,1787	1	130,5	5,722	0,9631	1	784,6	1,319E8	0,8307	1	2729	4,516E6	0,2617	1	0	-бесконечность	0	--	--	--	--	--	--	--	--	--																	
297,78144	0,00336	6618,42105	7,134E-4	0,2306	1	108,7	5,958	0,93	1	819,24267	1,363E8	0,7706	1	2857	1,882E6	0,2308	1	0	-бесконечность	0	--	--	--	--	--	--	--	--	--																	
296,82348	0,00337	6807,01754	2,785E-5	0,2333	1	75,46732	4,878	0,7663	1	802,33857	1,638E8	0,6895	1	2648	715600	0,2077	1	0	-бесконечность	0	--	--	--	--	--	--	--	--	--																	
295,95764	0,00338	6978,07018	6,712E-5	0,2321	1	37,72	4,878	0,8291	1	783,73801	2,356E8	0,6373	1	2073	363700	0,2	1	0	-бесконечность	0	--	--	--	--	--	--	--	--	--																	
294,8523	0,00339	7035,08772	1E-5	0,244	1	19,02	4,878	0,7796	1	767,56651	4,255E8	0,5449	1	1502	161000	0,1843	1	0	-бесконечность	0	--	--	--	--	--	--	--	--	--																	
293,82066	0,0034	6965,47821	1E-5	0,2818	1	14,53524	4,878	0,7023	1	730,3	1,332E9	0,3226	1	720,9	8219	0,2146	1	0	-бесконечность	0	--	--	--	--	--	--	--	--	--																	
292,71532	0,00341	6791,17148	1E-5	0,3133	1	11,07	11,61	1	1	686,19248	2,569E9	0,2906	1	580,1	2204	0,1907	1	0	-бесконечность	0	--	--	--	--	--		--	--	--																	
291,83105	0,00342	6508,206	1E-5	0,3394	1	9,70473	11,18	1	1	599,22391	4,376E9	0,2851	1	526,3	1202	0,1759	1	0	-бесконечность	0	--	--	--	--	--		--	--	--																	
290,24674	0,00344	6298,24561	1E-5	0,3924	1	9,80643	11,98	1	1	579,26185	5,094E9	0,2801	1	490,2	563,5	0,1731	1	0	-бесконечность	11,06	--	--	--	--	--		--	--	--																	
289,62038	0,00345	6188,59649	1E-5	0,4242	1	10,96936	10,96	0,9792	1	473,93803	4,991E9	0,2871	1	514,8	332,8	0,1583	1	0	-бесконечность	28,28	--	--	--	--	--		--	--	--																	
288,66243	0,00348	5864,03509	1E-5	0,4337	1	12,39877	11,12	1	1	535,69682	7,029E9	0,3046	1	485,4	419,7	0,1537	1	0	-бесконечность	0	--	--	--	--	--		--	--	--																	
287,00442	0,0035	5280,70175	1E-5	0,4225	1	16,04844	10,59	1	1	530,14128	7,394E9	0,2851	1	407,3	351,7	0,1665	1	0	-бесконечность	11,9	--	--	--	--	--		--	--	--																	
283,8358	0,00352	4219	1E-5	0,3706	1	25,38871	10,18	0,801	1	574,3	4,11E9	0,1891	1	117,5	847,6	0,3475	1	0	-бесконечность	0	--	--	--	--	--		--	--	--																	
281,9	0,00355	4097	1E-5	0,3775	1	30,34	10,09	0,823	1	560	4,37E9	0,179	1	98,5	749,5	0,3672	1	0	-бесконечность	0	--	--	--	--	--		--	--	--																	
278,76968	0,00358	3919	1E-5	0,3881	1	33,64199	9,091	0,6914	1	561,2	3,688E9	0,1618	1	62,15	1107	0,4447	1	0	-бесконечность	0	--	--	--	--	--		--	--	--																	
269,98226	0,0037	3929,82456	1,056E-5	0,407	1	32,184	8,908	0,809	1	526,6	2,634E9	0,1209	1	21,12	480,1	0,6337	1	0	-бесконечность	0	--	--	--	--	--		--	--	--																	
259,5934	0,00385	3929,82456	1,609E-5	0,5109	1	31,21	5,651	0,6828	1	498,1	1,778E9	0,0981	1	6,684	345,4	0,916	1	0	-бесконечность	0	--	--	--	--	--		--	--	--																	