PMN-55PSN, 3.5.2023, 13:21
Diameter[mm] 1.000e+00  Thickness[mm] 1.500e-01  Spacer Capacity[pF] 0.000e+00  Spacer Area[mm^2] 0.000e+00
Fixed value(s) :  Temp. [K]=3.1593e+02  AC Volt  [Vrms]=3.000e-01
 Freq. [Hz]	 Eps'    	 Eps''   	 Sig' [S/cm]	  Cp' [F]	 Zs' [Ohms]	 Zs'' [Ohms]	M Temp [K]	Tan(Delta)  
3.00000e+06	2.37602e+03	3.28469e+02	5.48207e-04	1.10153e-10	6.53316e+01	-4.72584e+02	3.15928e+02	1.38243e-01
2.14286e+06	2.41456e+03	2.74936e+02	3.27759e-04	1.11940e-10	7.45833e+01	-6.55008e+02	3.15925e+02	1.13866e-01
1.53061e+06	2.45349e+03	2.31415e+02	1.97054e-04	1.13745e-10	8.54640e+01	-9.06100e+02	3.15922e+02	9.43207e-02
1.09329e+06	2.48787e+03	1.99639e+02	1.21426e-04	1.15339e-10	1.00632e+02	-1.25406e+03	3.15918e+02	8.02450e-02
7.80925e+05	2.51545e+03	1.75942e+02	7.64378e-05	1.16617e-10	1.21642e+02	-1.73911e+03	3.15915e+02	6.99446e-02
5.57803e+05	2.54324e+03	1.57451e+02	4.88602e-05	1.17906e-10	1.49246e+02	-2.41070e+03	3.15913e+02	6.19096e-02
3.98431e+05	2.56968e+03	1.43147e+02	3.17296e-05	1.19131e-10	1.86208e+02	-3.34268e+03	3.15909e+02	5.57062e-02
2.84594e+05	2.59469e+03	1.31763e+02	2.08617e-05	1.20291e-10	2.35480e+02	-4.63707e+03	3.15904e+02	5.07820e-02
2.03281e+05	2.61870e+03	1.22588e+02	1.38635e-05	1.21404e-10	3.01231e+02	-6.43485e+03	3.15902e+02	4.68125e-02
1.45201e+05	2.64162e+03	1.14983e+02	9.28825e-06	1.22467e-10	3.88845e+02	-8.93328e+03	3.15900e+02	4.35277e-02
1.03715e+05	2.66361e+03	1.08429e+02	6.25628e-06	1.23486e-10	5.05028e+02	-1.24063e+04	3.15897e+02	4.07075e-02
7.40820e+04	2.68426e+03	1.02568e+02	4.22719e-06	1.24443e-10	6.58699e+02	-1.72386e+04	3.15902e+02	3.82108e-02
5.29157e+04	2.70424e+03	9.74160e+01	2.86777e-06	1.25370e-10	8.63106e+02	-2.39596e+04	3.15904e+02	3.60234e-02
3.77969e+04	2.72342e+03	9.28815e+01	1.95306e-06	1.26259e-10	1.13608e+03	-3.33116e+04	3.15904e+02	3.41047e-02
2.69978e+04	2.74184e+03	8.87764e+01	1.33338e-06	1.27113e-10	1.50004e+03	-4.63284e+04	3.15907e+02	3.23785e-02
1.92842e+04	2.75956e+03	8.51707e+01	9.13735e-07	1.27934e-10	1.98916e+03	-6.44493e+04	3.15909e+02	3.08639e-02
1.37744e+04	2.77660e+03	8.18576e+01	6.27279e-07	1.28725e-10	2.64395e+03	-8.96827e+04	3.15911e+02	2.94812e-02
9.83886e+03	2.79309e+03	7.89224e+01	4.31991e-07	1.29489e-10	3.52705e+03	-1.24823e+05	3.15910e+02	2.82563e-02
7.02775e+03	2.80907e+03	7.61881e+01	2.97874e-07	1.30230e-10	4.71300e+03	-1.73769e+05	3.15913e+02	2.71221e-02
5.01983e+03	2.82429e+03	7.37253e+01	2.05889e-07	1.30936e-10	6.31662e+03	-2.41979e+05	3.15913e+02	2.61040e-02
3.58559e+03	2.83911e+03	7.17849e+01	1.43193e-07	1.31622e-10	8.52124e+03	-3.37017e+05	3.15913e+02	2.52843e-02
2.56114e+03	2.85343e+03	7.00986e+01	9.98782e-08	1.32286e-10	1.15333e+04	-4.69473e+05	3.15913e+02	2.45664e-02
1.82938e+03	2.86746e+03	6.87206e+01	6.99392e-08	1.32937e-10	1.56751e+04	-6.54065e+05	3.15914e+02	2.39656e-02
1.30670e+03	2.88118e+03	6.76150e+01	4.91529e-08	1.33573e-10	2.13874e+04	-9.11351e+05	3.15912e+02	2.34678e-02
9.33358e+02	2.89475e+03	6.68714e+01	3.47231e-08	1.34202e-10	2.93367e+04	-1.26993e+06	3.15912e+02	2.31009e-02
6.66685e+02	2.90845e+03	6.64959e+01	2.46629e-08	1.34837e-10	4.04574e+04	-1.76955e+06	3.15911e+02	2.28630e-02
4.76203e+02	2.92198e+03	6.63582e+01	1.75799e-08	1.35465e-10	5.60009e+04	-2.46591e+06	3.15914e+02	2.27100e-02
3.40145e+02	2.93302e+03	6.63830e+01	1.25618e-08	1.35976e-10	7.78417e+04	-3.43930e+06	3.15913e+02	2.26330e-02
2.42961e+02	2.94655e+03	6.66289e+01	9.00592e-09	1.36603e-10	1.08380e+05	-4.79292e+06	3.15914e+02	2.26125e-02
1.73543e+02	2.96038e+03	6.70764e+01	6.47600e-09	1.37244e-10	1.51327e+05	-6.67873e+06	3.15914e+02	2.26581e-02
1.23960e+02	2.97394e+03	6.74127e+01	4.64891e-09	1.37873e-10	2.10982e+05	-9.30758e+06	3.15915e+02	2.26678e-02
8.85426e+01	2.98774e+03	6.79870e+01	3.34894e-09	1.38513e-10	2.95145e+05	-1.29704e+07	3.15914e+02	2.27553e-02
6.32447e+01	3.00102e+03	6.87590e+01	2.41926e-09	1.39129e-10	4.14201e+05	-1.80780e+07	3.15912e+02	2.29119e-02
4.51748e+01	3.01422e+03	7.01398e+01	1.76275e-09	1.39741e-10	5.86350e+05	-2.51980e+07	3.15915e+02	2.32697e-02
3.22677e+01	3.02784e+03	7.22685e+01	1.29732e-09	1.40372e-10	8.38185e+05	-3.51175e+07	3.15914e+02	2.38680e-02
2.30484e+01	3.04150e+03	7.54646e+01	9.67637e-10	1.41006e-10	1.21432e+06	-4.89414e+07	3.15915e+02	2.48116e-02
1.64631e+01	3.05573e+03	7.98123e+01	7.30989e-10	1.41665e-10	1.78116e+06	-6.81944e+07	3.15916e+02	2.61189e-02
1.17594e+01	3.07095e+03	8.54302e+01	5.58888e-10	1.42371e-10	2.64251e+06	-9.49902e+07	3.15914e+02	2.78188e-02
8.39955e+00	3.08757e+03	9.24937e+01	4.32212e-10	1.43141e-10	3.96192e+06	-1.32254e+08	3.15917e+02	2.99568e-02
5.99968e+00	3.10656e+03	1.00784e+02	3.36396e-10	1.44022e-10	5.96926e+06	-1.83995e+08	3.15921e+02	3.24424e-02
4.28548e+00	3.12914e+03	1.10221e+02	2.62780e-10	1.45068e-10	9.00631e+06	-2.55687e+08	3.15923e+02	3.52239e-02
3.06106e+00	3.15571e+03	1.18517e+02	2.01828e-10	1.46300e-10	1.33283e+07	-3.54888e+08	3.15924e+02	3.75564e-02
2.18647e+00	3.18558e+03	1.24222e+02	1.51102e-10	1.47685e-10	1.91907e+07	-4.92130e+08	3.15925e+02	3.89951e-02
1.56176e+00	3.21687e+03	1.24946e+02	1.08559e-10	1.49136e-10	2.65007e+07	-6.82289e+08	3.15927e+02	3.88408e-02
1.11555e+00	3.24551e+03	1.22033e+02	7.57343e-11	1.50463e-10	3.56025e+07	-9.46864e+08	3.15927e+02	3.76004e-02
7.96819e-01	3.27078e+03	1.16276e+02	5.15443e-11	1.51635e-10	4.67684e+07	-1.31557e+09	3.15926e+02	3.55500e-02
5.69156e-01	3.29592e+03	1.11641e+02	3.53496e-11	1.52800e-10	6.19175e+07	-1.82796e+09	3.15931e+02	3.38725e-02
4.06540e-01	3.31730e+03	1.07405e+02	2.42917e-11	1.53792e-10	8.23319e+07	-2.54290e+09	3.15937e+02	3.23772e-02
2.90386e-01	3.33688e+03	1.02709e+02	1.65925e-11	1.54700e-10	1.08946e+08	-3.53952e+09	3.15953e+02	3.07799e-02
2.07419e-01	3.35649e+03	1.00042e+02	1.15441e-11	1.55609e-10	1.46842e+08	-4.92667e+09	3.15962e+02	2.98055e-02
1.48156e-01	3.37378e+03	9.83411e+01	8.10558e-12	1.56410e-10	2.00026e+08	-6.86226e+09	3.15975e+02	2.91487e-02
1.05826e-01	3.39256e+03	9.62264e+01	5.66520e-12	1.57281e-10	2.71000e+08	-9.55440e+09	3.15978e+02	2.83639e-02
7.55898e-02	3.41038e+03	9.65520e+01	4.06026e-12	1.58107e-10	3.76718e+08	-1.33063e+10	3.16005e+02	2.83112e-02
5.39927e-02	3.42453e+03	9.49324e+01	2.85154e-12	1.58763e-10	5.14300e+08	-1.85525e+10	3.16010e+02	2.77213e-02
3.85662e-02	3.44016e+03	9.37987e+01	2.01249e-12	1.59488e-10	7.04986e+08	-2.58561e+10	3.16005e+02	2.72658e-02
2.75473e-02	3.46020e+03	9.51941e+01	1.45888e-12	1.60417e-10	9.90083e+08	-3.59884e+10	3.15996e+02	2.75111e-02
1.96766e-02	3.47748e+03	9.35351e+01	1.02389e-12	1.61218e-10	1.34850e+09	-5.01351e+10	3.16012e+02	2.68974e-02
1.00000e-02	3.51389e+03	9.41082e+01	5.23548e-13	1.62906e-10	2.61464e+09	-9.76275e+10	3.15990e+02	2.67817e-02