PMN-55PSN, 3.5.2023, 13:21
Diameter[mm] 1.000e+00  Thickness[mm] 1.500e-01  Spacer Capacity[pF] 0.000e+00  Spacer Area[mm^2] 0.000e+00
Fixed value(s) :  Temp. [K]=3.0995e+02  AC Volt  [Vrms]=3.000e-01
 Freq. [Hz]	 Eps'    	 Eps''   	 Sig' [S/cm]	  Cp' [F]	 Zs' [Ohms]	 Zs'' [Ohms]	M Temp [K]	Tan(Delta)  
3.00000e+06	2.50182e+03	4.33233e+02	7.23057e-04	1.15986e-10	7.69004e+01	-4.44082e+02	3.09902e+02	1.73167e-01
2.14286e+06	2.56483e+03	3.70018e+02	4.41108e-04	1.18907e-10	8.82750e+01	-6.11891e+02	3.09904e+02	1.44266e-01
1.53061e+06	2.62381e+03	3.15724e+02	2.68845e-04	1.21641e-10	1.01393e+02	-8.42619e+02	3.09905e+02	1.20330e-01
1.09329e+06	2.67420e+03	2.73851e+02	1.66564e-04	1.23977e-10	1.18996e+02	-1.16201e+03	3.09905e+02	1.02405e-01
7.80925e+05	2.71527e+03	2.41206e+02	1.04791e-04	1.25881e-10	1.42696e+02	-1.60633e+03	3.09910e+02	8.88330e-02
5.57803e+05	2.75442e+03	2.15129e+02	6.67590e-05	1.27696e-10	1.73456e+02	-2.22085e+03	3.09911e+02	7.81033e-02
3.98431e+05	2.79026e+03	1.94697e+02	4.31559e-05	1.29358e-10	2.14427e+02	-3.07302e+03	3.09912e+02	6.97773e-02
2.84594e+05	2.82409e+03	1.78310e+02	2.82312e-05	1.30926e-10	2.68620e+02	-4.25442e+03	3.09914e+02	6.31390e-02
2.03281e+05	2.85581e+03	1.65323e+02	1.86965e-05	1.32397e-10	3.41191e+02	-5.89377e+03	3.09915e+02	5.78901e-02
1.45201e+05	2.88627e+03	1.54645e+02	1.24921e-05	1.33809e-10	4.37644e+02	-8.16810e+03	3.09915e+02	5.35797e-02
1.03715e+05	2.91529e+03	1.45637e+02	8.40317e-06	1.35154e-10	5.65795e+02	-1.13258e+04	3.09915e+02	4.99565e-02
7.40820e+04	2.94088e+03	1.37771e+02	5.67807e-06	1.36340e-10	7.36566e+02	-1.57228e+04	3.09917e+02	4.68470e-02
5.29157e+04	2.96756e+03	1.31006e+02	3.85661e-06	1.37578e-10	9.63237e+02	-2.18193e+04	3.09920e+02	4.41460e-02
3.77969e+04	2.99326e+03	1.25114e+02	2.63083e-06	1.38769e-10	1.26612e+03	-3.02909e+04	3.09919e+02	4.17986e-02
2.69978e+04	3.01776e+03	1.19784e+02	1.79911e-06	1.39905e-10	1.66990e+03	-4.20703e+04	3.09920e+02	3.96931e-02
1.92842e+04	3.04169e+03	1.15175e+02	1.23563e-06	1.41014e-10	2.21299e+03	-5.84432e+04	3.09922e+02	3.78656e-02
1.37744e+04	3.06455e+03	1.10899e+02	8.49823e-07	1.42074e-10	2.93917e+03	-8.12203e+04	3.09921e+02	3.61876e-02
9.83886e+03	3.08677e+03	1.07046e+02	5.85930e-07	1.43104e-10	3.91534e+03	-1.12902e+05	3.09923e+02	3.46791e-02
7.02775e+03	3.10807e+03	1.03591e+02	4.05012e-07	1.44092e-10	5.23254e+03	-1.56994e+05	3.09923e+02	3.33296e-02
5.01983e+03	3.12864e+03	1.00436e+02	2.80484e-07	1.45046e-10	7.00993e+03	-2.18363e+05	3.09925e+02	3.21021e-02
3.58559e+03	3.14858e+03	9.77464e+01	1.94980e-07	1.45970e-10	9.43115e+03	-3.03794e+05	3.09926e+02	3.10446e-02
2.56114e+03	3.16778e+03	9.54668e+01	1.36024e-07	1.46860e-10	1.27405e+04	-4.22757e+05	3.09928e+02	3.01368e-02
1.82938e+03	3.18686e+03	9.34949e+01	9.51528e-08	1.47744e-10	1.72606e+04	-5.88344e+05	3.09932e+02	2.93376e-02
1.30670e+03	3.20534e+03	9.20599e+01	6.69231e-08	1.48601e-10	2.35212e+04	-8.18962e+05	3.09933e+02	2.87208e-02
9.33358e+02	3.22357e+03	9.09484e+01	4.72251e-08	1.49446e-10	3.21662e+04	-1.14010e+06	3.09936e+02	2.82136e-02
6.66685e+02	3.24190e+03	9.01941e+01	3.34525e-08	1.50296e-10	4.41565e+04	-1.58714e+06	3.09939e+02	2.78214e-02
4.76203e+02	3.26003e+03	8.98423e+01	2.38014e-08	1.51137e-10	6.08958e+04	-2.20967e+06	3.09941e+02	2.75587e-02
3.40145e+02	3.27812e+03	8.96286e+01	1.69606e-08	1.51975e-10	8.41165e+04	-3.07651e+06	3.09943e+02	2.73415e-02
2.42961e+02	3.29627e+03	8.98465e+01	1.21441e-08	1.52817e-10	1.16753e+05	-4.28342e+06	3.09946e+02	2.72570e-02
1.73543e+02	3.31475e+03	9.01234e+01	8.70111e-09	1.53673e-10	1.62136e+05	-5.96338e+06	3.09949e+02	2.71886e-02
1.23960e+02	3.33334e+03	9.03322e+01	6.22948e-09	1.54535e-10	2.24986e+05	-8.30220e+06	3.09951e+02	2.70996e-02
8.85426e+01	3.35140e+03	9.04549e+01	4.45567e-09	1.55373e-10	3.12020e+05	-1.15605e+07	3.09951e+02	2.69901e-02
6.32447e+01	3.36931e+03	9.10981e+01	3.20526e-09	1.56203e-10	4.35269e+05	-1.60986e+07	3.09955e+02	2.70376e-02
4.51748e+01	3.38711e+03	9.21136e+01	2.31499e-09	1.57028e-10	6.09707e+05	-2.24195e+07	3.09959e+02	2.71954e-02
3.22677e+01	3.40520e+03	9.37551e+01	1.68303e-09	1.57867e-10	8.59578e+05	-3.12200e+07	3.09960e+02	2.75329e-02
2.30484e+01	3.42307e+03	9.63735e+01	1.23574e-09	1.58695e-10	1.22409e+06	-4.34783e+07	3.09964e+02	2.81541e-02
1.64631e+01	3.44081e+03	9.99631e+01	9.15547e-10	1.59517e-10	1.75919e+06	-6.05527e+07	3.09964e+02	2.90522e-02
1.17594e+01	3.46020e+03	1.05184e+02	6.88115e-10	1.60417e-10	2.56231e+06	-8.42919e+07	3.09967e+02	3.03981e-02
8.39955e+00	3.48219e+03	1.11816e+02	5.22503e-10	1.61436e-10	3.76502e+06	-1.17251e+08	3.09969e+02	3.21108e-02
5.99968e+00	3.50443e+03	1.20872e+02	4.03443e-10	1.62467e-10	5.62495e+06	-1.63084e+08	3.09971e+02	3.44912e-02
4.28548e+00	3.52948e+03	1.31210e+02	3.12821e-10	1.63629e-10	8.42593e+06	-2.26653e+08	3.09974e+02	3.71754e-02
3.06106e+00	3.55771e+03	1.41608e+02	2.41151e-10	1.64937e-10	1.25274e+07	-3.14733e+08	3.09980e+02	3.98032e-02
2.18647e+00	3.59119e+03	1.51806e+02	1.84656e-10	1.66489e-10	1.84487e+07	-4.36430e+08	3.09985e+02	4.22718e-02
1.56176e+00	3.62912e+03	1.57627e+02	1.36954e-10	1.68248e-10	2.62583e+07	-6.04556e+08	3.09988e+02	4.34339e-02
1.11555e+00	3.66636e+03	1.58280e+02	9.82296e-11	1.69974e-10	3.61686e+07	-8.37801e+08	3.09994e+02	4.31709e-02
7.96819e-01	3.70122e+03	1.54757e+02	6.86023e-11	1.71591e-10	4.85862e+07	-1.16201e+09	3.10000e+02	4.18123e-02
5.69156e-01	3.73598e+03	1.49912e+02	4.74677e-11	1.73202e-10	6.46801e+07	-1.61190e+09	3.10009e+02	4.01267e-02
4.06540e-01	3.76459e+03	1.43732e+02	3.25078e-11	1.74528e-10	8.55173e+07	-2.23984e+09	3.10016e+02	3.81800e-02
2.90386e-01	3.79325e+03	1.39863e+02	2.25948e-11	1.75857e-10	1.14759e+08	-3.11240e+09	3.10009e+02	3.68716e-02
2.07419e-01	3.81878e+03	1.35570e+02	1.56438e-11	1.77040e-10	1.53672e+08	-4.32866e+09	3.10013e+02	3.55010e-02
1.48156e-01	3.84263e+03	1.32795e+02	1.09453e-11	1.78146e-10	2.08140e+08	-6.02289e+09	3.10027e+02	3.45582e-02
1.05826e-01	3.86435e+03	1.31767e+02	7.75760e-12	1.79153e-10	2.85911e+08	-8.38494e+09	3.10036e+02	3.40981e-02
7.55898e-02	3.89047e+03	1.31547e+02	5.53191e-12	1.80364e-10	3.94268e+08	-1.16603e+10	3.10024e+02	3.38128e-02
5.39927e-02	3.91866e+03	1.31572e+02	3.95212e-12	1.81671e-10	5.44173e+08	-1.62073e+10	3.10000e+02	3.35759e-02
3.85662e-02	3.94193e+03	1.31514e+02	2.82168e-12	1.82750e-10	7.52549e+08	-2.25566e+10	3.10003e+02	3.33628e-02
2.75473e-02	3.96790e+03	1.31871e+02	2.02096e-12	1.83954e-10	1.04266e+09	-3.13728e+10	3.09992e+02	3.32344e-02
1.96766e-02	3.98841e+03	1.31614e+02	1.44073e-12	1.84905e-10	1.44196e+09	-4.36967e+10	3.10006e+02	3.29992e-02
1.00000e-02	4.03479e+03	1.31855e+02	7.33541e-13	1.87055e-10	2.77756e+09	-8.49940e+10	3.10002e+02	3.26795e-02